image: submap_0.pgm
resolution: 0.025000
origin: [-0.731973, -3.873985, 0.000000]
negate: 0
occupied_thresh: 0.65
free_thresh: 0.196

